1 51.0000000000 31.0000000000 154.0000000000
2 79.0000000000 434.0000000000 304.0000000000
3 82.0000000000 150.0000000000 195.0000000000
4 80.0000000000 383.0000000000 222.0000000000
5 78.0000000000 239.0000000000 387.0000000000
6 87.0000000000 238.0000000000 245.0000000000
7 94.0000000000 241.0000000000 250.0000000000
8 114.0000000000 320.0000000000 374.0000000000
9 106.0000000000 325.0000000000 345.0000000000
10 120.0000000000 313.0000000000 334.0000000000
11 125.0000000000 321.0000000000 340.0000000000
12 129.0000000000 332.0000000000 383.0000000000
13 143.0000000000 334.0000000000 572.0000000000
14 237.0000000000 431.0000000000 437.0000000000
15 167.0000000000 419.0000000000 411.0000000000
16 162.0000000000 482.0000000000 507.0000000000
17 173.0000000000 468.0000000000 517.0000000000
18 181.0000000000 511.0000000000 560.0000000000
19 281.0000000000 511.0000000000 513.0000000000
20 198.0000000000 537.0000000000 865.0000000000
21 203.0000000000 545.0000000000 571.0000000000
22 210.0000000000 486.0000000000 555.0000000000
23 220.0000000000 547.0000000000 543.0000000000
24 228.0000000000 488.0000000000 517.0000000000
25 235.0000000000 528.0000000000 547.0000000000
26 253.0000000000 621.0000000000 611.0000000000
27 258.0000000000 648.0000000000 652.0000000000
28 265.0000000000 650.0000000000 693.0000000000
29 272.0000000000 655.0000000000 702.0000000000
30 282.0000000000 886.0000000000 708.0000000000
31 297.0000000000 687.0000000000 703.0000000000
32 299.0000000000 14499.0000000000 871.0000000000
33 310.0000000000 824.0000000000 867.0000000000
34 315.0000000000 770.0000000000 905.0000000000
35 328.0000000000 760.0000000000 803.0000000000
36 331.0000000000 698.0000000000 755.0000000000
37 342.0000000000 741.0000000000 785.0000000000
38 372.0000000000 796.0000000000 853.0000000000
39 360.0000000000 802.0000000000 848.0000000000
40 363.0000000000 975.0000000000 928.0000000000
41 376.0000000000 964.0000000000 949.0000000000
42 376.0000000000 907.0000000000 910.0000000000
43 391.0000000000 898.0000000000 920.0000000000
44 394.0000000000 944.0000000000 957.0000000000
45 402.0000000000 984.0000000000 939.0000000000
46 407.0000000000 949.0000000000 974.0000000000
47 420.0000000000 941.0000000000 1592.0000000000
48 425.0000000000 828.0000000000 835.0000000000
49 433.0000000000 781.0000000000 808.0000000000
50 474.0000000000 817.0000000000 1450.0000000000
51 652.0000000000 889.0000000000 858.0000000000
52 458.0000000000 1058.0000000000 1110.0000000000
53 465.0000000000 1039.0000000000 1066.0000000000
54 466.0000000000 1105.0000000000 1249.0000000000
55 478.0000000000 1107.0000000000 1186.0000000000
56 483.0000000000 1176.0000000000 2014.0000000000
57 490.0000000000 1179.0000000000 1265.0000000000
58 497.0000000000 1153.0000000000 1175.0000000000
59 509.0000000000 1160.0000000000 1261.0000000000
60 514.0000000000 1094.0000000000 1130.0000000000
61 526.0000000000 1099.0000000000 1201.0000000000
62 529.0000000000 1142.0000000000 1193.0000000000
63 536.0000000000 1196.0000000000 1205.0000000000
64 546.0000000000 1331.0000000000 1383.0000000000
65 556.0000000000 1334.0000000000 1425.0000000000
66 564.0000000000 1457.0000000000 1525.0000000000
67 568.0000000000 1435.0000000000 1645.0000000000
68 577.0000000000 1299.0000000000 1343.0000000000
69 583.0000000000 1386.0000000000 1375.0000000000
70 594.0000000000 1346.0000000000 1338.0000000000
71 600.0000000000 1295.0000000000 1328.0000000000
72 661.0000000000 1296.0000000000 1356.0000000000
73 614.0000000000 1318.0000000000 1387.0000000000
74 623.0000000000 1331.0000000000 1333.0000000000
75 632.0000000000 1436.0000000000 1327.0000000000
76 691.0000000000 1322.0000000000 1289.0000000000
77 649.0000000000 1773.0000000000 1305.0000000000
78 661.0000000000 1475.0000000000 1588.0000000000
79 664.0000000000 1435.0000000000 1520.0000000000
80 672.0000000000 1690.0000000000 1783.0000000000
81 678.0000000000 1676.0000000000 1759.0000000000
82 689.0000000000 1705.0000000000 1743.0000000000
83 702.0000000000 1684.0000000000 2538.0000000000
84 703.0000000000 1602.0000000000 1634.0000000000
85 718.0000000000 1600.0000000000 1792.0000000000
86 722.0000000000 1679.0000000000 1746.0000000000
87 722.0000000000 1695.0000000000 1751.0000000000
88 737.0000000000 1795.0000000000 1783.0000000000
89 751.0000000000 1751.0000000000 1806.0000000000
90 754.0000000000 1749.0000000000 1777.0000000000
91 768.0000000000 2670.0000000000 1805.0000000000
92 767.0000000000 1864.0000000000 1871.0000000000
93 771.0000000000 1845.0000000000 1912.0000000000
94 787.0000000000 1562.0000000000 1602.0000000000
95 791.0000000000 1593.0000000000 1586.0000000000
96 801.0000000000 1487.0000000000 1535.0000000000
97 815.0000000000 1513.0000000000 1554.0000000000
98 815.0000000000 1656.0000000000 1699.0000000000
99 831.0000000000 2194.0000000000 2204.0000000000
100 834.0000000000 1681.0000000000 1750.0000000000
101 868.0000000000 2899.0000000000 1740.0000000000
102 855.0000000000 1665.0000000000 1691.0000000000
103 882.0000000000 1779.0000000000 1707.0000000000
104 943.0000000000 1858.0000000000 1989.0000000000
105 895.0000000000 1887.0000000000 1919.0000000000
106 889.0000000000 1893.0000000000 1937.0000000000
107 900.0000000000 1936.0000000000 2120.0000000000
108 918.0000000000 2180.0000000000 2067.0000000000
109 908.0000000000 2002.0000000000 2089.0000000000
110 1346.0000000000 2169.0000000000 2218.0000000000
111 925.0000000000 2177.0000000000 2280.0000000000
112 941.0000000000 2150.0000000000 2169.0000000000
113 942.0000000000 2170.0000000000 2190.0000000000
114 968.0000000000 2112.0000000000 2135.0000000000
115 945.0000000000 2098.0000000000 2135.0000000000
116 986.0000000000 2295.0000000000 2317.0000000000
117 993.0000000000 2282.0000000000 2310.0000000000
118 983.0000000000 2083.0000000000 2168.0000000000
119 1009.0000000000 2101.0000000000 2153.0000000000
120 1479.0000000000 1942.0000000000 3011.0000000000
121 1003.0000000000 2069.0000000000 1985.0000000000
122 1011.0000000000 2118.0000000000 2162.0000000000
123 1018.0000000000 2121.0000000000 2145.0000000000
124 1049.0000000000 2394.0000000000 2410.0000000000
125 1034.0000000000 2403.0000000000 2429.0000000000
126 1049.0000000000 2198.0000000000 2196.0000000000
127 1069.0000000000 2156.0000000000 2187.0000000000
128 1069.0000000000 2317.0000000000 2636.0000000000
129 1093.0000000000 2375.0000000000 2423.0000000000
130 1113.0000000000 2394.0000000000 2507.0000000000
131 1621.0000000000 2979.0000000000 2463.0000000000
132 1088.0000000000 2637.0000000000 2515.0000000000
133 1101.0000000000 2443.0000000000 2484.0000000000
134 1112.0000000000 2518.0000000000 2536.0000000000
135 1117.0000000000 3514.0000000000 2558.0000000000
136 1135.0000000000 2119.0000000000 2181.0000000000
137 1122.0000000000 2177.0000000000 2240.0000000000
138 1139.0000000000 2399.0000000000 2434.0000000000
139 1152.0000000000 2374.0000000000 2450.0000000000
140 1194.0000000000 2354.0000000000 2402.0000000000
141 1183.0000000000 2398.0000000000 2369.0000000000
142 1177.0000000000 2411.0000000000 2455.0000000000
143 1182.0000000000 2387.0000000000 2447.0000000000
144 1226.0000000000 2515.0000000000 2546.0000000000
145 1771.0000000000 2549.0000000000 2780.0000000000
146 1243.0000000000 2514.0000000000 2537.0000000000
147 1231.0000000000 2727.0000000000 2591.0000000000
148 1247.0000000000 2389.0000000000 2490.0000000000
149 1262.0000000000 2412.0000000000 2465.0000000000
150 1300.0000000000 2371.0000000000 2428.0000000000
